PERIOD = 8.247257e-04
POWER = 6.985519e-05
