PERIOD = 2.340186e-06
POWER = 6.157039e-04
