PERIOD = 4.017008e-05
POWER = 2.261836e-04
