PERIOD = 1.480681e-04
POWER = 1.351709e-04
