PERIOD = 1.336096e-05
POWER = 3.408335e-04
