PERIOD = 5.346571e-06
POWER = 4.721238e-04
