PERIOD = 1.935026e-05
POWER = 4.720455e-04
