PERIOD = 8.503236e-06
POWER = 6.155051e-04
