PERIOD = 5.991704e-04
POWER = 1.351643e-04
