PERIOD = 5.018734e-05
POWER = 3.408089e-04
