PERIOD = 1.540412e-04
POWER = 2.261734e-04
