PERIOD = 3.621547e-03
POWER = 6.984008e-05
