PERIOD = 2.108122e-05
POWER = 3.408118e-04
