PERIOD = 2.490139e-04
POWER = 1.351646e-04
