PERIOD = 6.420535e-05
POWER = 2.261742e-04
