PERIOD = 1.524109e-03
POWER = 6.984046e-05
