PERIOD = 8.202700e-06
POWER = 4.720551e-04
