PERIOD = 3.634048e-06
POWER = 6.155322e-04
