PERIOD = 1.338464e-04
POWER = 2.261745e-04
