PERIOD = 1.684501e-05
POWER = 4.720502e-04
