PERIOD = 3.005509e-03
POWER = 6.984059e-05
