PERIOD = 7.387538e-06
POWER = 6.155160e-04
