PERIOD = 5.163121e-04
POWER = 1.351650e-04
