PERIOD = 4.374142e-05
POWER = 3.408109e-04
