PERIOD = 5.675604e-06
POWER = 6.155129e-04
