PERIOD = 3.319602e-05
POWER = 3.408092e-04
