PERIOD = 2.355501e-03
POWER = 6.984002e-05
