PERIOD = 3.923527e-04
POWER = 1.351641e-04
