PERIOD = 1.012946e-04
POWER = 2.261733e-04
