PERIOD = 1.285599e-05
POWER = 4.720477e-04
