PERIOD = 1.500569e-04
POWER = 1.351681e-04
