PERIOD = 1.320266e-05
POWER = 3.408188e-04
