PERIOD = 2.258160e-06
POWER = 6.155969e-04
