PERIOD = 8.940591e-04
POWER = 6.984301e-05
