PERIOD = 5.144873e-06
POWER = 4.720771e-04
