PERIOD = 3.967572e-05
POWER = 2.261781e-04
