PERIOD = 1.133812e-04
POWER = 2.261759e-04
