PERIOD = 4.322603e-04
POWER = 1.351663e-04
