PERIOD = 2.401064e-03
POWER = 6.984150e-05
