PERIOD = 3.710665e-05
POWER = 3.408135e-04
