PERIOD = 1.426932e-05
POWER = 4.720568e-04
