PERIOD = 6.254110e-06
POWER = 6.155320e-04
