PERIOD = 3.387809e-04
POWER = 1.351648e-04
