PERIOD = 2.888234e-05
POWER = 3.408112e-04
