PERIOD = 8.803722e-05
POWER = 2.261744e-04
