PERIOD = 1.981219e-03
POWER = 6.984050e-05
