PERIOD = 4.934438e-06
POWER = 6.155247e-04
