PERIOD = 1.118075e-05
POWER = 4.720526e-04
