PERIOD = 2.743181e-05
POWER = 3.408095e-04
