PERIOD = 4.716016e-06
POWER = 6.155169e-04
