PERIOD = 1.065755e-05
POWER = 4.720490e-04
