PERIOD = 1.989659e-03
POWER = 6.984000e-05
