PERIOD = 8.364387e-05
POWER = 2.261733e-04
