PERIOD = 3.244450e-04
POWER = 1.351640e-04
