PERIOD = 2.803690e-04
POWER = 1.351647e-04
