PERIOD = 9.281522e-06
POWER = 4.720541e-04
