PERIOD = 1.679117e-03
POWER = 6.984048e-05
