PERIOD = 2.388233e-05
POWER = 3.408115e-04
