PERIOD = 7.276983e-05
POWER = 2.261744e-04
