PERIOD = 4.097915e-06
POWER = 6.155295e-04
