PERIOD = 3.070676e-06
POWER = 6.155504e-04
