PERIOD = 5.438632e-05
POWER = 2.261756e-04
