PERIOD = 1.787945e-05
POWER = 3.408146e-04
