PERIOD = 6.952485e-06
POWER = 4.720623e-04
