PERIOD = 2.088786e-04
POWER = 1.351656e-04
