PERIOD = 1.242192e-03
POWER = 6.984126e-05
