PERIOD = 6.343940e-06
POWER = 4.720632e-04
