PERIOD = 2.803581e-06
POWER = 6.155525e-04
