PERIOD = 4.952666e-05
POWER = 2.261757e-04
