PERIOD = 1.910879e-04
POWER = 1.351656e-04
