PERIOD = 1.628159e-05
POWER = 3.408149e-04
