PERIOD = 1.164530e-03
POWER = 6.984124e-05
