PERIOD = 6.076702e-04
POWER = 6.985168e-05
