PERIOD = 1.001795e-04
POWER = 1.351690e-04
