PERIOD = 8.973022e-06
POWER = 3.408416e-04
