PERIOD = 2.684211e-05
POWER = 2.261851e-04
