PERIOD = 1.579727e-06
POWER = 6.156893e-04
