PERIOD = 3.600521e-06
POWER = 4.721204e-04
