PERIOD = 1.219798e-04
POWER = 1.351698e-04
