PERIOD = 7.066818e-04
POWER = 6.985362e-05
