PERIOD = 3.320176e-05
POWER = 2.261839e-04
