PERIOD = 1.112058e-05
POWER = 3.408366e-04
