PERIOD = 1.928725e-06
POWER = 6.156944e-04
