PERIOD = 4.439045e-06
POWER = 4.721174e-04
