PERIOD = 9.026570e-05
POWER = 2.261789e-04
