PERIOD = 2.999135e-05
POWER = 3.408178e-04
