PERIOD = 1.153347e-05
POWER = 4.720711e-04
