PERIOD = 4.988457e-06
POWER = 6.155727e-04
