PERIOD = 3.354674e-04
POWER = 1.351697e-04
