PERIOD = 1.799352e-03
POWER = 6.984359e-05
