PERIOD = 1.604708e-03
POWER = 6.984134e-05
