PERIOD = 7.459241e-05
POWER = 2.261758e-04
