PERIOD = 2.837375e-04
POWER = 1.351658e-04
