PERIOD = 2.449067e-05
POWER = 3.408139e-04
