PERIOD = 9.486986e-06
POWER = 4.720596e-04
