PERIOD = 4.173392e-06
POWER = 6.155416e-04
