PERIOD = 2.464569e-06
POWER = 6.155951e-04
