PERIOD = 5.621449e-06
POWER = 4.720764e-04
