PERIOD = 4.346142e-05
POWER = 2.261780e-04
