PERIOD = 1.638927e-04
POWER = 1.351682e-04
