PERIOD = 1.453074e-05
POWER = 3.408186e-04
