PERIOD = 9.513916e-04
POWER = 6.984306e-05
