PERIOD = 3.926340e-06
POWER = 4.721184e-04
