PERIOD = 9.827938e-06
POWER = 3.408394e-04
