PERIOD = 6.520427e-04
POWER = 6.985263e-05
