PERIOD = 1.717633e-06
POWER = 6.156894e-04
