PERIOD = 1.089972e-04
POWER = 1.351693e-04
