PERIOD = 2.937733e-05
POWER = 2.261845e-04
