PERIOD = 2.352983e-04
POWER = 1.351657e-04
