PERIOD = 1.366520e-03
POWER = 6.984129e-05
