PERIOD = 6.157822e-05
POWER = 2.261757e-04
