PERIOD = 2.025853e-05
POWER = 3.408143e-04
