PERIOD = 3.468100e-06
POWER = 6.155472e-04
