PERIOD = 7.863501e-06
POWER = 4.720612e-04
