PERIOD = 2.642536e-04
POWER = 1.351640e-04
