PERIOD = 6.733131e-05
POWER = 2.261733e-04
