PERIOD = 3.818657e-06
POWER = 6.155215e-04
