PERIOD = 1.685049e-03
POWER = 6.984001e-05
