PERIOD = 2.211667e-05
POWER = 3.408100e-04
