PERIOD = 8.611250e-06
POWER = 4.720506e-04
