PERIOD = 4.180706e-06
POWER = 6.155198e-04
