PERIOD = 7.377035e-05
POWER = 2.261733e-04
