PERIOD = 1.802896e-03
POWER = 6.983999e-05
