PERIOD = 2.422321e-05
POWER = 3.408098e-04
