PERIOD = 9.440469e-06
POWER = 4.720498e-04
