PERIOD = 2.880518e-04
POWER = 1.351640e-04
