PERIOD = 1.219102e-03
POWER = 6.984338e-05
