PERIOD = 2.219163e-04
POWER = 1.351687e-04
