PERIOD = 1.988018e-05
POWER = 3.408182e-04
