PERIOD = 5.957254e-05
POWER = 2.261782e-04
