PERIOD = 3.350191e-06
POWER = 6.155852e-04
