PERIOD = 7.676369e-06
POWER = 4.720740e-04
