PERIOD = 5.845928e-05
POWER = 2.261743e-04
