PERIOD = 1.426588e-03
POWER = 6.984046e-05
