PERIOD = 1.924217e-05
POWER = 3.408120e-04
