PERIOD = 2.280052e-04
POWER = 1.351646e-04
