PERIOD = 7.501710e-06
POWER = 4.720558e-04
