PERIOD = 3.315449e-06
POWER = 6.155345e-04
