PERIOD = 1.643501e-05
POWER = 3.408182e-04
