PERIOD = 4.928522e-05
POWER = 2.261781e-04
