PERIOD = 1.848705e-04
POWER = 1.351684e-04
