PERIOD = 6.366716e-06
POWER = 4.720755e-04
