PERIOD = 2.780779e-06
POWER = 6.155909e-04
