PERIOD = 1.043301e-03
POWER = 6.984317e-05
