PERIOD = 6.001406e-05
POWER = 2.261840e-04
