PERIOD = 2.246000e-04
POWER = 1.351755e-04
