PERIOD = 1.233761e-03
POWER = 6.985536e-05
