PERIOD = 2.012973e-05
POWER = 3.408308e-04
