PERIOD = 7.965235e-06
POWER = 4.721606e-04
